19
58 BREW 0 -3 0 -2 17 3 4 0 0
53 BREW 0 0 -4 0 13 1 4 0 0
51 BREW -2 0 -3 0 11 0 0 0 0
69 BREW -2 -2 -2 0 13 0 0 0 0
48 BREW 0 -2 -2 0 10 0 0 0 0
6 LEARN 2 1 -2 1 0 0 0 0 1
23 LEARN 1 -3 1 1 0 1 0 0 1
25 LEARN 0 -3 0 2 0 2 0 0 1
36 LEARN 0 -3 3 0 0 3 0 0 1
17 LEARN -2 0 1 0 0 4 0 0 1
14 LEARN 0 0 0 1 0 5 0 0 0
78 CAST 2 0 0 0 0 -1 -1 1 0
79 CAST -1 1 0 0 0 -1 -1 1 0
80 CAST 0 -1 1 0 0 -1 -1 1 0
81 CAST 0 0 -1 1 0 -1 -1 1 0
82 OPPONENT_CAST 2 0 0 0 0 -1 -1 1 0
83 OPPONENT_CAST -1 1 0 0 0 -1 -1 1 0
84 OPPONENT_CAST 0 -1 1 0 0 -1 -1 1 0
85 OPPONENT_CAST 0 0 -1 1 0 -1 -1 1 0
3 0 0 0 0
3 0 0 0 0
